448600
448619
448628
448637
448646
448664
448673
448691
448707
448716
448734
448752
448761
448770
448789
448798
448804
448822
448831
448840
448859
448877
448886
448895
448974
448983
449010
449038
449074
449083
449092
101143
101161
101189
101240
101277
101286
101295
101301
101365
101435
101453
101462
101471
101480
101499
101505
101514
101541
101569
101587
101602
101648
101675
101693
101709
101736
101879
101897
101912
101949
101958
101994
102030
102049
102058
102067
102076
102094
102234
102261
102270
102298
102313
102368
102377
102395
102429
102553
102580
102614
102632
102669
102711
102845
103361
103501
103529
103644
103723
103732
103741
103778
103787
103811
103893
103909
103927
103945
103954
103963
104090
104151
104160
104179
104188
104294
104346
104364
104391
104425
104434
104443
104504
104531
104568
104577
104586
104665
104708
104717
104805
104911
105118
105136
105145
105154
105163
105172
105206
105215
105297
105330
105349
105367
105428
105482
105516
105525
105534
105543
105589
105659
105668
105677
105701
105747
105792
105899
105987
106041
106102
106111
106148
106245
106263
106281
106306
106315
106324
106342
106351
106360
106397
106412
106449
106458
106467
106485
106494
106546
106625
106704
106713
106795
106810
106829
106883
106892
106908
106980
106999
107044
107071
107080
107099
107123
107141
107211
107220
107275
107293
107318
107327
107442
107460
107488
107512
107521
107549
107558
107585
107600
107619
107637
107655
107664
107725
107743
107789
107831
107840
107877
107974
107983
107992
108056
108065
108092
108232
108250
108269
108348
108649
108667
108807
108852
108861
108870
108977
109040
109086
109208
109332
109350
109651
109721
109730
109785
109819
109907
109934
110060
110097
110185
110194
110219
110246
110307
110316
110334
110361
110370
110398
110404
110413
110422
110468
110486
110495
110501
110510
110529
110538
110547
110556
110565
110574
110583
110592
110608
110617
110635
110644
110653
110662
110671
110680
110699
110705
110714
110778
110875
110918
110945
111009
111054
111081
111188
111391
111434
111461
111513
111638
111708
111717
111726
111744
111762
111771
111799
111887
111896
111920
111939
111948
111966
112075
112084
112127
112172
112181
112190
112251
112260
112288
112367
112376
112385
112394
112446
112455
112525
112561
112570
112686
112783
112817
112826
113096
113111
113193
113218
113236
113333
113397
113449
113537
113573
113582
113607
113634
113698
113704
113856
113908
113953
113980
114044
114071
114080
114114
114123
114266
114354
114390
114415
114433
114460
114549
114585
114628
114716
114734
114761
114789
114813
114831
114840
114859
114895
114938
114947
115001
115010
115083
115126
115214
115287
115296
115357
115393
115409
115454
115472
115490
115515
115533
115658
115728
115746
115755
115773
115861
115931
116226
116350
116439
116466
116475
116484
116563
116660
116712
116846
117052
117104
117113
117140
117168
117195
117238
117247
117274
117520
117557
117575
117627
117636
117645
117672
117681
117690
117706
117715
117724
117733
117751
117788
117803
117867
117894
117900
117928
117946
117955
118116
118125
118134
118143
118161
118189
118198
118259
375762
375841
375939
375966
375984
376039
376136
376224
376242
376288
376321
376330
376385
376446
376631
376668
376677
376695
376987
377069
377111
377193
377218
377272
377281
377315
377342
377449
377458
377485
377546
377555
377564
377643
377652
377661
377670
377722
377759
378105
378406
378576
378886
378956
379029
379135
379621
379746
379782
380067
380094
380359
380368
380377
380401
380438
380456
380465
380474
381255
381282
381325
381334
381352
381361
381370
381404
381459
381486
381529
381617
381635
381644
381699
381705
381732
381741
381750
381787
381866
381909
381945
382063
382258
382267
382276
382416
382461
382504
382771
382780
382896
382902
382911
382957
383020
383084
383163
383172
383190
383251
383279
383297
383312
383330
383367
383400
383464
383507
383525
383765
383792
383899
383950
383996
384209
384254
384306